Leaving	: 27.745555555555555
Spare_Time/TV		: 142.48194444444445
Sleeping		: 131.0586111111111
